autumn_01 Default 6
0.0 0.92392 0.0 0.38258585 236.98082 7.459373 287.03796
0.0 0.9258903 0.0 0.3777924 234.96419 7.3746853 285.2267
0.0 0.92392 0.0 0.38258585 242.91838 7.3449306 280.92654
0.0 0.9258903 0.0 0.3777924 240.92331 7.2625313 279.02713
0.0 0.92392 0.0 0.38258585 231.20805 7.473106 293.15576
0.0 0.9258903 0.0 0.3777924 229.00331 7.3426423 290.94464
autumn_01 Reverse 6
0.0 -0.999995 0.0 -0.0031539798 40.83406 7.917143 258.02048
0.0 -0.999995 0.0 -0.0031539798 45.05013 7.8713665 257.92627
0.0 -0.999995 0.0 -0.0031539798 45.05013 7.8713665 265.94016
0.0 -0.999995 0.0 -0.0031539798 40.83406 7.917143 266.03436
0.0 -0.999995 0.0 -0.0031539798 45.05013 7.8713665 273.77975
0.0 -0.999995 0.0 -0.0031539798 40.83406 7.917143 273.87396
autumn_02 Default 6
0.0 0.0 0.0 1.0 182.0 7.4250402 259.0
0.0 0.0 0.0 1.0 182.0 7.3586636 240.90636
0.0 0.0 0.0 1.0 178.0 7.3586636 259.0
0.0 0.0 0.0 1.0 178.0 7.2144656 240.90636
0.0 0.0 0.0 1.0 182.0 7.397574 249.59312
0.0 0.0 0.0 1.0 178.0 7.269398 249.59312
autumn_02 Reverse 6
0.0 -0.9998899 0.0 -0.014836645 376.84198 7.45327 213.11609
0.0 -0.9998899 0.0 -0.014836645 376.30515 7.3868933 231.20178
0.0 -0.9998899 0.0 -0.014836645 380.8402 7.3868933 213.23477
0.0 -0.9998899 0.0 -0.014836645 380.3034 7.2426953 231.32047
0.0 -0.9998899 0.0 -0.014836645 376.56287 7.4258037 222.51883
0.0 -0.9998899 0.0 -0.014836645 380.56113 7.297628 222.63751
autumn_03 Default 6
0.0 -0.99702114 0.0 -0.0771288 377.0 9.359121 347.0
0.0 -0.99702114 0.0 -0.0771288 382.0421 9.324788 347.71542
0.0 -0.99702114 0.0 -0.0771288 380.5681 9.218356 355.93857
0.0 -0.99702114 0.0 -0.0771288 375.526 9.252689 355.22314
0.0 -0.99702114 0.0 -0.0771288 378.72144 8.968872 364.90085
0.0 -0.99702114 0.0 -0.0771288 373.67932 9.003205 364.18542
autumn_03 Reverse 6
0.0 0.7336864 0.0 -0.6794883 275.0 9.365988 384.0
0.0 0.7336864 0.0 -0.6794883 275.69128 9.153122 378.41306
0.0 0.7336864 0.0 -0.6794883 284.9832 9.153122 379.26984
0.0 0.7336864 0.0 -0.6794883 284.2919 9.365988 384.85678
0.0 0.7837399 0.0 -0.6210892 294.64362 9.153122 381.73102
0.0 0.7837399 0.0 -0.6210892 293.10425 9.365988 387.14603
autumn_04 Default 6
0.0 -0.34728453 0.0 -0.93775976 314.13898 7.3609533 111.085625
0.0 -0.34728453 0.0 -0.93775976 310.06937 7.351796 114.10744
0.0 -0.34728453 0.0 -0.93775976 304.0546 7.22362 107.58293
0.0 -0.34728453 0.0 -0.93775976 308.1242 7.232777 104.56112
0.0 -0.34728453 0.0 -0.93775976 297.97482 7.1503763 100.79657
0.0 -0.34728453 0.0 -0.93775976 302.04443 7.1595335 97.77476
autumn_04 Reverse 6
0.0 0.025963902 0.0 -0.9996629 139.0 6.9192033 264.0
0.0 0.025963902 0.0 -0.9996629 133.92099 7.512017 263.3594
0.0 0.025963902 0.0 -0.9996629 139.62035 7.2133203 254.47067
0.0 0.025963902 0.0 -0.9996629 134.54134 7.8061337 253.83008
0.0 0.025963902 0.0 -0.9996629 140.7005 7.579537 244.1946
0.0 0.025963902 0.0 -0.9996629 135.62149 8.17235 243.554
autumn_05 Default 6
0.0 0.992309 0.0 0.12378553 451.0 8.505379 130.0
0.0 0.992309 0.0 0.12378553 455.03156 8.498512 130.90721
0.0 0.992309 0.0 0.12378553 452.28653 8.186084 140.88878
0.0 0.992309 0.0 0.12378553 448.25497 8.19295 139.98157
0.0 0.992309 0.0 0.12378553 450.4982 7.9961076 149.50722
0.0 0.992309 0.0 0.12378553 446.46664 8.002974 148.6
autumn_short_01 Reverse 6
0.0 -0.73973835 0.0 0.6728946 253.21342 7.022202 362.0
0.0 -0.73973835 0.0 0.6728946 252.22989 7.3380637 369.04364
0.0 -0.73973835 0.0 0.6728946 260.85007 6.9649777 369.15903
0.0 -0.73973835 0.0 0.6728946 261.83362 6.649116 362.1154
0.0 -0.73973835 0.0 0.6728946 270.4632 6.9695563 369.3006
0.0 -0.73973835 0.0 0.6728946 271.44675 6.6536946 362.25696
autumn_short_01 Default 6
0.0 -0.7603664 0.0 0.64949435 278.04752 6.989014 185.98132
0.0 -0.7603664 0.0 0.64949435 278.6087 6.8905935 182.99615
0.0 -0.7603664 0.0 0.64949435 271.01102 7.003891 184.98978
0.0 -0.7603664 0.0 0.64949435 271.5722 6.9054704 182.00461
0.0 -0.7603664 0.0 0.64949435 263.59055 7.0943007 183.35794
0.0 -0.7603664 0.0 0.64949435 264.15173 6.99588 180.37277
country_rally Default 12
0.0 0.7270292 0.0 -0.6866065 151.26234 0.60349363 41.75945
0.0 0.7270292 0.0 -0.6866065 141.261 0.62180483 41.26865
0.0 0.7270292 0.0 -0.6866065 140.61118 0.60807145 52.622093
0.0 0.7270292 0.0 -0.6866065 150.93748 0.60349363 47.435204
0.0 0.7270292 0.0 -0.6866065 140.93614 0.6446935 46.944405
0.0 0.7270292 0.0 -0.6866065 150.61252 0.5989159 53.112892
0.0 -0.6994212 0.0 0.7147097 121.102455 0.6019684 40.077435
0.0 -0.71928424 0.0 0.6947159 131.29953 0.6088359 52.142708
0.0 -0.7193514 0.0 0.69464636 131.00699 0.5905234 46.692574
0.0 -0.7367829 0.0 0.67612934 131.07892 0.67750037 41.387024
0.0 -0.6994212 0.0 0.7147097 120.88768 0.58823514 46.300697
0.0 -0.6994212 0.0 0.7147097 121.169426 0.61570317 51.867043
derby Default 9
0.0 -0.40412036 0.0 0.9147058 194.06152 4.879835 217.0417
0.0 -0.40412036 0.0 0.9147058 190.25514 4.9141684 213.74542
0.0 -0.40412036 0.0 0.9147058 187.29823 5.177386 209.89183
0.0 -0.40412036 0.0 0.9147058 194.68007 4.97139 204.0689
0.0 -0.40412036 0.0 0.9147058 197.9641 4.8500805 206.33357
0.0 -0.40412036 0.0 0.9147058 201.02365 4.939346 209.95576
0.0 -0.40412036 0.0 0.9147058 201.47939 4.6784163 195.55232
0.0 -0.40412036 0.0 0.9147058 204.88916 4.6875715 199.2791
0.0 -0.40412036 0.0 0.9147058 207.851 4.9645233 203.54556
forest_03 Default 6
0.0 -0.9998034 0.0 -0.019825634 383.07266 1.9134814 279.63016
0.0 -0.9998034 0.0 -0.019825634 383.07266 1.9134814 269.25754
0.0 -0.9998034 0.0 -0.019825634 383.07266 1.9134814 274.177
0.0 -0.9998034 0.0 -0.019825634 387.56323 1.9134814 279.63016
0.0 -0.9998034 0.0 -0.019825634 387.56323 1.9134814 269.25754
0.0 -0.9998034 0.0 -0.019825634 387.56323 1.9134814 274.177
forest_2 Default 6
0.0 0.9999977 0.0 0.0021656298 239.9513 0.11215369 244.02435
0.0 0.9999977 0.0 0.0021656298 240.00092 0.13504237 234.0077
0.0 0.9999977 0.0 0.0021656298 240.10146 0.19455239 225.12927
0.0 0.9999977 0.0 0.0021656298 235.89676 0.12817565 225.00966
0.0 0.9999977 0.0 0.0021656298 235.97113 0.08697619 233.98103
0.0 0.9999977 0.0 0.0021656298 236.04689 0.073243655 244.0406
forest_2 Reverse 6
0.0 -0.9987132 0.0 -0.050714936 171.99083 0.2403291 241.46721
0.0 -0.9987132 0.0 -0.050714936 175.04002 0.1625076 241.60559
0.0 -0.9994815 0.0 -0.032197107 172.34645 0.18310778 232.01222
0.0 -0.9994815 0.0 -0.032197107 175.39867 0.10528627 232.0375
0.0 -0.9987132 0.0 -0.050714936 171.40298 0.30899584 250.38031
0.0 -0.9987132 0.0 -0.050714936 174.45218 0.23117435 250.51869
forest_large_1 Default 6
0.0 0.8814777 0.0 0.47222558 287.95602 8.4596 418.69504
0.0 0.8814777 0.0 0.47222558 290.15976 8.546577 422.09988
0.0 0.8814777 0.0 0.47222558 281.25766 8.349736 428.15488
0.0 0.8814777 0.0 0.47222558 278.86563 8.262759 424.67654
0.0 0.90162045 0.0 0.43252805 272.02707 8.336005 435.15494
0.0 0.90162045 0.0 0.43252805 269.24957 8.194095 431.64224
forest_large_2 Default 6
0.0 -0.992746 0.0 0.12022993 288.28348 9.214924 416.0
0.0 -0.992746 0.0 0.12022993 292.19623 9.2698555 414.87552
0.0 -0.992746 0.0 0.12022993 294.4773 9.185167 424.50452
0.0 -0.992746 0.0 0.12022993 290.56454 9.130236 425.629
0.0 -0.992746 0.0 0.12022993 296.9536 9.08446 434.4386
0.0 -0.992746 0.0 0.12022993 293.04086 9.029529 435.56308
forest_long Default 6
0.0 -0.9999476 0.0 0.010233432 66.63441 0.0 248.0
0.0 -0.9999476 0.0 0.010233432 71.03052 0.0 248.0
0.0 -0.9999476 0.0 0.010233432 71.03052 0.0 255.5922
0.0 -0.9999476 0.0 0.010233432 66.63441 0.0 255.5922
0.0 -0.9999476 0.0 0.010233432 71.03052 0.0 262.90295
0.0 -0.9999476 0.0 0.010233432 66.63441 0.0 262.90295
forest_long Reverse 6
0.0 -0.9633955 0.0 -0.26808447 413.01105 0.20637819 278.7705
0.0 -0.9633955 0.0 -0.26808447 416.92654 0.039292976 280.83276
0.0 -0.9633955 0.0 -0.26808447 412.53772 0.122835025 288.21323
0.0 -0.9633955 0.0 -0.26808447 408.62222 0.28992024 286.15097
0.0 -0.9633955 0.0 -0.26808447 407.74402 0.14343771 296.27167
0.0 -0.9633955 0.0 -0.26808447 403.82852 0.3105229 294.20944
lake_01 Default 6
0.0 0.020249562 0.0 -0.99979496 116.99877 7.1618223 215.08968
0.0 0.020249562 0.0 -0.99979496 114.00123 7.1732664 214.96822
0.0 0.020249562 0.0 -0.99979496 116.99877 7.1618223 222.21434
0.0 0.020249562 0.0 -0.99979496 114.00123 7.1732664 222.09288
0.0 0.020249562 0.0 -0.99979496 116.99877 7.1618223 230.06073
0.0 0.020249562 0.0 -0.99979496 114.00123 7.1732664 229.93927
lake_01 Reverse 6
0.0 -0.59586716 0.0 -0.80308294 398.0 7.36553 185.0
0.0 -0.59586716 0.0 -0.80308294 396.4852 7.4044394 189.17635
0.0 -0.59586716 0.0 -0.80308294 387.6277 7.3712516 186.05206
0.0 -0.59586716 0.0 -0.80308294 389.1425 7.332342 181.87572
0.0 -0.59586716 0.0 -0.80308294 378.66116 7.3689647 183.2176
0.0 -0.59586716 0.0 -0.80308294 380.17596 7.330055 179.04126
launch_site Default 6
0.0 -0.70710695 0.0 -0.7071066 213.48207 14.996571 354.3864
0.0 -0.70710695 0.0 -0.7071066 213.14929 14.996571 359.0626
0.0 -0.70710695 0.0 -0.7071066 222.11765 14.996567 359.02975
0.0 -0.70710695 0.0 -0.7071066 222.45042 14.996567 354.35358
0.0 -0.70710695 0.0 -0.7071066 231.05768 14.996567 354.43384
0.0 -0.70710695 0.0 -0.7071066 231.13321 14.996567 359.31027
launch_site Reverse 6
0.0 -0.009550065 0.0 -0.99995434 311.0 14.948501 561.0
0.0 -0.009550065 0.0 -0.99995434 308.01465 14.957656 561.0536
0.0 -0.009550065 0.0 -0.99995434 310.93292 14.907302 553.0502
0.0 -0.009550065 0.0 -0.99995434 307.94757 14.916457 553.10376
0.0 -0.009550065 0.0 -0.99995434 310.66052 14.905014 543.96906
0.0 -0.009550065 0.0 -0.99995434 307.67517 14.914169 544.02264
mixed_terrain_1 Default 6
-0.0 0.024918973 0.0 -0.99968946 135.14445 9.061569 269.23068
-0.0 0.024918973 0.0 -0.99968946 131.0517 8.944839 268.81424
-0.0 0.024918973 0.0 -0.99968946 135.98587 9.039825 260.0945
-0.0 0.024918973 0.0 -0.99968946 131.89311 8.923095 259.67807
-0.0 0.024918973 0.0 -0.99968946 137.04044 9.007781 251.75351
-0.0 0.024918973 0.0 -0.99968946 132.94768 8.89105 251.33707
mixed_terrain_1 Reverse 6
0.0 -0.09226363 0.0 -0.9957347 204.77118 9.244299 239.9581
0.0 -0.09226363 0.0 -0.9957347 200.61205 9.319831 240.77106
0.0 -0.09226363 0.0 -0.9957347 203.51608 9.380487 231.96066
0.0 -0.09226363 0.0 -0.9957347 199.35696 9.456019 232.77362
0.0 -0.09226363 0.0 -0.9957347 202.80608 9.366751 224.89293
0.0 -0.09226363 0.0 -0.9957347 198.64694 9.442283 225.70589
mixed_terrain_2 Default 6
0.0 -0.5613499 0.0 0.82757854 216.0 7.7981234 62.517487
0.0 -0.5613499 0.0 0.82757854 218.15271 7.788967 68.7537
0.0 -0.5613499 0.0 0.82757854 226.91357 7.994964 65.094604
0.0 -0.5613499 0.0 0.82757854 224.76086 8.00412 58.85839
0.0 -0.5613499 0.0 0.82757854 235.44919 8.173494 61.855423
0.0 -0.5613499 0.0 0.82757854 233.29648 8.182651 55.61921
mixed_terrain_3 Default 6
0.0 0.2809809 0.0 0.95971334 129.0 25.246052 356.0
0.0 0.2809809 0.0 0.95971334 123.07172 25.255207 360.22708
0.0 0.2809809 0.0 0.95971334 117.382 25.41314 351.38586
0.0 0.2809809 0.0 0.95971334 123.31029 25.403984 347.15878
0.0 0.2809809 0.0 0.95971334 110.94526 25.60998 341.45154
0.0 0.2809809 0.0 0.95971334 116.87354 25.600824 337.22446
oval Default 18
-0.0 -0.70509267 0.0 -0.70911515 239.32813 0.0 270.1736
-0.0 -0.70509267 0.0 -0.70911515 239.49628 0.0 266.1745
-0.0 -0.70509267 0.0 -0.70911515 239.51903 0.0 262.17456
-0.0 -0.70509267 0.0 -0.70911515 239.32813 0.0 281.31665
-0.0 -0.70509267 0.0 -0.70911515 239.49628 0.0 277.31754
-0.0 -0.70509267 0.0 -0.70911515 239.51903 0.0 273.3176
-0.0 -0.70509267 0.0 -0.70911515 225.5682 0.0 281.31665
-0.0 -0.70509267 0.0 -0.70911515 225.73636 0.0 277.31754
-0.0 -0.70509267 0.0 -0.70911515 225.75911 0.0 273.3176
-0.0 -0.70509267 0.0 -0.70911515 225.5682 0.0 270.1736
-0.0 -0.70509267 0.0 -0.70911515 225.73636 0.0 266.1745
-0.0 -0.70509267 0.0 -0.70911515 225.75911 0.0 262.17456
-0.0 -0.70509267 0.0 -0.70911515 210.79417 0.0 281.31665
-0.0 -0.70509267 0.0 -0.70911515 210.96233 0.0 277.31754
-0.0 -0.70509267 0.0 -0.70911515 210.98508 0.0 273.3176
-0.0 -0.70509267 0.0 -0.70911515 210.79417 0.0 270.1736
-0.0 -0.70509267 0.0 -0.70911515 210.96233 0.0 266.1745
-0.0 -0.70509267 0.0 -0.70911515 210.98508 0.0 262.17456
race_track_01 Default 6
0.0 0.9999924 0.0 0.003913468 312.9999 0.0 234.9396
0.0 0.9999924 0.0 0.003913468 310.0 0.0 234.91612
0.0 0.9999924 0.0 0.003913468 307.0001 0.0 234.89264
0.0 0.9999924 0.0 0.003913468 312.9999 0.0 223.76381
0.0 0.9999924 0.0 0.003913468 310.0 0.0 223.74033
0.0 0.9999924 0.0 0.003913468 307.0001 0.0 223.71684
race_track_01 Reverse 6
0.0 -0.0052786823 0.0 0.99998605 307.0154 0.0 223.70863
0.0 -0.0052786823 0.0 0.99998605 310.01526 0.0 223.7403
0.0 -0.0052786823 0.0 0.99998605 313.01508 0.0 223.77197
0.0 -0.0052786823 0.0 0.99998605 306.98492 0.0 234.88438
0.0 -0.0052786823 0.0 0.99998605 309.98474 0.0 234.91606
0.0 -0.0052786823 0.0 0.99998605 312.9846 0.0 234.94772
race_track_02 Default 6
0.0 1.0 0.0 0.00000031391647 573.42194 7.4982824 373.34534
0.0 1.0 0.0 0.00000031391647 578.42194 7.4982824 373.34534
0.0 1.0 0.0 0.00000031391647 573.42194 7.4982824 381.34534
0.0 1.0 0.0 0.00000031391647 578.42194 7.4982824 381.34534
0.0 1.0 0.0 0.00000031391647 573.42194 7.4982824 390.34534
0.0 1.0 0.0 0.00000031391647 578.42194 7.4982824 390.34534
race_track_02 Reverse 6
0.0 0.0006770213 0.0 -0.99999976 578.175 7.4982824 398.58517
0.0 0.0006770213 0.0 -0.99999976 578.152 7.4982824 415.58517
0.0 0.0006770213 0.0 -0.99999976 578.16284 7.4982824 406.23264
0.0 0.0006770213 0.0 -0.99999976 573.175 7.4982824 398.5784
0.0 0.0006770213 0.0 -0.99999976 573.152 7.4982824 415.5784
0.0 0.0006770213 0.0 -0.99999976 573.16284 7.4982824 406.22586
race_track_03 Default 6
0.0 -0.00000029802322 0.0 1.0 129.15936 7.4982834 260.0002
0.0 -0.00000029802322 0.0 1.0 129.0 7.4982834 282.0
0.0 -0.00000029802322 0.0 1.0 129.11378 7.4982834 270.19492
0.0 -0.00000029802322 0.0 1.0 122.9517 7.4982834 260.12466
0.0 -0.00000029802322 0.0 1.0 123.091156 7.4982834 282.14816
0.0 -0.00000029802322 0.0 1.0 123.03175 7.4982834 270.41272
race_track_03 Reverse 6
0.0 0.999948 0.0 -0.010196016 123.521545 7.4982834 327.04233
0.0 0.999948 0.0 -0.010196016 123.23226 7.4982834 305.04385
0.0 0.999948 0.0 -0.010196016 123.35922 7.4982834 315.34763
0.0 0.999948 0.0 -0.010196016 129.72537 7.4982834 326.79132
0.0 0.999948 0.0 -0.010196016 129.13686 7.4982834 304.77524
0.0 0.999948 0.0 -0.010196016 129.43555 7.4982834 315.00583
race_track_04 Default 6
-0.0 0.70710677 -0.0 -0.70710677 300.86536 7.4982815 205.67014
-0.0 0.70710677 -0.0 -0.70710677 284.78867 7.4982815 205.57465
-0.0 0.70710677 -0.0 -0.70710677 284.80832 7.4982815 210.82944
-0.0 0.70710677 -0.0 -0.70710677 293.16772 7.4982815 210.62701
-0.0 0.70710677 -0.0 -0.70710677 293.07544 7.4982815 205.63031
-0.0 0.70710677 -0.0 -0.70710677 301.00955 7.4982815 210.59802
race_track_04 Reverse 6
0.0 0.70710677 0.0 0.70710677 331.0 7.4982834 205.0
0.0 0.70710677 0.0 0.70710677 331.0 7.4982834 211.0
0.0 0.70710677 0.0 0.70710677 339.0 7.4982834 205.0
0.0 0.70710677 0.0 0.70710677 339.0 7.4982834 211.0
0.0 0.70710677 0.0 0.70710677 348.0 7.4982834 205.0
0.0 0.70710677 0.0 0.70710677 348.0 7.4982834 211.0
race_track_05 Default 6
0.0 0.0077118576 0.0 0.99997026 158.63693 7.4982834 296.0
0.0 0.0077118576 0.0 0.99997026 151.31224 7.4982834 296.00452
0.0 0.0077118576 0.0 0.99997026 158.63693 7.4982834 283.16733
0.0 0.0077118576 0.0 0.99997026 151.31224 7.4982834 283.17184
0.0 0.0077118576 0.0 0.99997026 158.63693 7.4982834 271.9622
0.0 0.0077118576 0.0 0.99997026 151.31224 7.4982834 271.9667
race_track_05 Reverse 6
0.0 0.99998003 0.0 -0.0063189743 151.24861 7.4982834 261.39627
0.0 0.99998003 0.0 -0.0063189743 151.18164 7.4982834 285.434
0.0 0.99998003 0.0 -0.0063189743 158.57329 7.4982834 261.41217
0.0 0.99998003 0.0 -0.0063189743 151.21286 7.4982834 274.2289
0.0 0.99998003 0.0 -0.0063189743 158.50632 7.4982834 285.44986
0.0 0.99998003 0.0 -0.0063189743 158.53754 7.4982834 274.24475
race_track_06 Default 6
0.0 0.006233722 0.0 -0.99998057 178.7533 7.4982853 430.90134
0.0 0.006233722 0.0 -0.99998057 172.23476 7.4982834 430.75098
0.0 0.006233722 0.0 -0.99998057 178.7533 7.4982853 417.56558
0.0 0.006233722 0.0 -0.99998057 172.23476 7.4982834 417.41522
0.0 0.006233722 0.0 -0.99998057 178.7533 7.4982853 403.7242
0.0 0.006233722 0.0 -0.99998057 172.23476 7.4982834 403.57385
race_track_06 Reverse 6
0.0 -0.9999993 0.0 0.001122266 179.0 7.4982834 408.0
0.0 -0.9999993 0.0 0.001122266 172.64766 7.4982834 407.92023
0.0 -0.9999993 0.0 0.001122266 179.0 7.4982834 422.2964
0.0 -0.9999993 0.0 0.001122266 172.64766 7.4982834 422.2166
0.0 -0.9999993 0.0 0.001122266 179.0 7.4982834 434.5304
0.0 -0.9999993 0.0 0.001122266 172.64766 7.4982834 434.45062
serpantin Default 6
0.0 -0.05168304 0.0 0.99866354 811.9227 10.901809 247.12039
0.0 -0.05168304 0.0 0.99866354 812.3461 10.901809 238.774
0.0 -0.05168304 0.0 0.99866354 815.2792 10.885787 247.5138
0.0 -0.05168304 0.0 0.99866354 815.7026 10.885787 239.1674
0.0 -0.05168304 0.0 0.99866354 816.53485 10.885787 231.07837
0.0 -0.05168304 0.0 0.99866354 813.1784 10.901809 230.68497
serpantin Reverse 6
0.0 -0.04764968 0.0 -0.9988641 236.0 10.828565 317.0
0.0 -0.04764968 0.0 -0.9988641 227.1151 10.849165 318.10828
0.0 -0.04764968 0.0 -0.9988641 225.87227 10.962465 307.6817
0.0 -0.04764968 0.0 -0.9988641 234.75717 10.941865 306.57343
0.0 -0.04764968 0.0 -0.9988641 224.73148 11.012815 296.72034
0.0 -0.04764968 0.0 -0.9988641 233.61638 10.992215 295.61206
serpantin_2 Default 6
0.0 -0.7071065 0.0 0.70710707 142.0 10.297551 235.0
0.0 -0.7071065 0.0 0.70710707 142.0 10.27924 242.0
0.0 -0.7071065 0.0 0.70710707 154.0 11.082627 242.0
0.0 -0.7071065 0.0 0.70710707 154.0 11.011673 235.0
0.0 -0.7071065 0.0 0.70710707 164.13925 11.77615 242.94647
0.0 -0.7071065 0.0 0.70710707 164.52467 11.661709 235.77618
shore_fun Default 6
0.0 0.49763617 0.0 0.86738586 178.153 7.4570837 138.2161
0.0 0.49763617 0.0 0.86738586 176.39278 7.360952 141.4334
0.0 0.49763617 0.0 0.86738586 169.33588 7.3929963 136.88635
0.0 0.49763617 0.0 0.86738586 171.0961 7.489128 133.66905
0.0 0.49763617 0.0 0.86738586 162.57867 7.4021525 132.72197
0.0 0.49763617 0.0 0.86738586 164.3389 7.4982843 129.50467
short3 Default 6
0.0017411838 -0.006594786 0.000031231048 0.99997675 24.5 1.0 87.25
0.0017411838 -0.006594786 0.000031231048 0.99997675 17.25 1.0 87.25
0.0017411838 -0.006594786 0.000031231048 0.99997675 17.25 1.0 81.0
0.0017411838 -0.006594786 0.000031231048 0.99997675 24.5 1.0 81.0
0.0017411838 -0.006594786 0.000031231048 0.99997675 17.25 1.0 74.75
0.0017411838 -0.006594786 0.000031231048 0.99997675 24.5 1.0 74.75
swamp Default 6
0.0 0.90829194 0.0 0.41833687 398.89243 8.512627 378.53165
0.0 0.90829194 0.0 0.41833687 395.54456 8.8765545 374.9513
0.0 0.90829194 0.0 0.41833687 393.95944 8.299764 383.35645
0.0 0.90829194 0.0 0.41833687 390.6116 8.6636915 379.7761
0.0 0.90829194 0.0 0.41833687 387.90512 8.137257 388.86072
0.0 0.90829194 0.0 0.41833687 384.55725 8.501184 385.28036
test_finish Default 6
0.0 0.7155661 0.0 0.69854504 167.0 0.0 281.80405
0.0 0.7155661 0.0 0.69854504 167.0 0.0 285.8029
0.0 0.7155661 0.0 0.69854504 162.26547 0.0 281.80405
0.0 0.7155661 0.0 0.69854504 162.26547 0.0 285.8029
0.0 0.7155661 0.0 0.69854504 158.0395 0.0 281.80405
0.0 0.7155661 0.0 0.69854504 158.0395 0.0 285.8029
trail_01 Default 6
0.0 0.9991527 0.0 0.04115665 363.12057 16.541542 275.6951
0.0 0.9991527 0.0 0.04115665 360.30173 16.381323 275.46246
0.0 0.9991527 0.0 0.04115665 363.58582 16.195925 270.0574
0.0 0.9991527 0.0 0.04115665 360.76697 15.92584 269.8248
0.0 0.9991527 0.0 0.04115665 364.1396 16.037994 264.3271
0.0 0.9991527 0.0 0.04115665 361.2322 15.969329 264.1871
trail_01 Reverse 6
0.0 -0.9929764 0.0 -0.11831286 124.23155 14.016937 237.19867
0.0 -0.9929764 0.0 -0.11831286 121.21826 14.058136 236.10806
0.0 -0.9805326 0.0 -0.1963568 126.759026 14.168002 230.01555
0.0 -0.9805326 0.0 -0.1963568 123.955025 14.209201 228.46413
0.0 -0.9805326 0.0 -0.1963568 130.45847 14.168002 222.0892
0.0 -0.9805326 0.0 -0.1963568 127.65446 14.209201 220.53778
trail_02 Default 6
0.0 -0.9441715 0.0 0.32945442 334.1992 13.487068 453.27063
0.0 -0.9441715 0.0 0.32945442 323.78894 13.321126 440.81198
0.0 -0.9441715 0.0 0.32945442 329.10324 13.40467 447.02692
0.0 -0.9441715 0.0 0.32945442 337.48987 13.571755 450.5244
0.0 -0.9441715 0.0 0.32945442 327.07962 13.405813 438.06577
0.0 -0.9441715 0.0 0.32945442 332.39392 13.489357 444.2807
trail_02 Reverse 6
0.0 0.62075716 0.0 0.7840029 538.20776 13.934539 565.15814
0.0 0.62075716 0.0 0.7840029 537.0927 13.888762 569.0141
0.0 0.62075716 0.0 0.7840029 529.6377 13.5729 566.98914
0.0 0.62075716 0.0 0.7840029 530.75275 13.618676 563.1332
0.0 0.62075716 0.0 0.7840029 521.7297 13.286795 565.1346
0.0 0.62075716 0.0 0.7840029 522.8447 13.332571 561.2786
trail_03 Default 6
0.0 -0.70710677 0.0 0.7071068 341.0 15.783933 377.0
0.0 -0.70710677 0.0 0.7071068 341.0 15.891508 373.0
0.0 -0.70710677 0.0 0.7071068 352.0 15.932708 377.0
0.0 -0.70710677 0.0 0.7071068 352.0 16.143282 373.0
0.0 -0.70710677 0.0 0.7071068 361.93695 16.08034 377.85767
0.0 -0.70710677 0.0 0.7071068 361.8247 16.151293 373.8068
trail_03 Reverse 6
0.0 -0.87770647 0.0 0.47919872 580.4403 16.176092 763.90594
0.0 -0.87770647 0.0 0.47919872 563.2921 15.879685 751.8631
0.0 -0.87770647 0.0 0.47919872 582.5364 16.247046 760.4377
0.0 -0.87770647 0.0 0.47919872 565.4551 15.987261 748.4983
0.0 -0.87770647 0.0 0.47919872 572.5452 16.02846 757.81116
0.0 -0.87770647 0.0 0.47919872 574.7082 16.239035 754.4464
trail_04 Default 6
0.0 -0.62657124 0.0 0.7793641 177.89415 14.158846 243.04645
0.0 -0.62657124 0.0 0.7793641 177.68819 14.268712 240.02673
0.0 -0.62657124 0.0 0.7793641 186.03319 13.943693 241.57524
0.0 -0.62657124 0.0 0.7793641 185.82722 14.053559 238.55553
0.0 -0.62657124 0.0 0.7793641 195.12637 14.007781 239.496
0.0 -0.62657124 0.0 0.7793641 194.92041 14.117647 236.47629
trail_05 Default 6
0.0 -0.99596983 0.0 -0.0896889 175.0 7.76379 365.0
0.0 -0.99596983 0.0 -0.0896889 170.22032 7.821012 363.9757
0.0 -0.99596983 0.0 -0.0896889 173.08078 7.8702226 375.3427
0.0 -0.99596983 0.0 -0.0896889 168.12056 7.942321 374.0515
0.0 -0.99596983 0.0 -0.0896889 170.6273 7.948042 384.68933
0.0 -0.99596983 0.0 -0.0896889 165.84763 8.005264 383.66504
village_ca_loop_large Default 6
0.0 0.6770356 0.0 0.7359502 204.24222 7.397573 598.0894
0.0 0.6770356 0.0 0.7359502 203.94055 7.2625318 602.09827
0.0 0.6770356 0.0 0.7359502 195.30164 7.2625318 602.09827
0.0 0.6770356 0.0 0.7359502 195.6033 7.397573 598.0894
0.0 0.6770356 0.0 0.7359502 187.35088 7.2625318 602.09827
0.0 0.6770356 0.0 0.7359502 187.65254 7.397573 598.0894
winter Default 12
0.0 0.11427186 0.0 0.9934495 92.642586 0.0 252.33855
0.0 0.11427186 0.0 0.9934495 89.72093 0.0 253.01968
0.0 0.11427186 0.0 0.9934495 96.65091 0.0 251.40488
0.0 0.11427186 0.0 0.9934495 98.12744 0.0 258.24756
0.0 0.11427186 0.0 0.9934495 94.23191 0.0 259.15573
0.0 0.11427186 0.0 0.9934495 91.31026 0.0 259.83688
0.0 0.11427186 0.0 0.9934495 92.89958 0.0 266.65405
0.0 0.11427186 0.0 0.9934495 95.9977 0.0 265.9318
0.0 0.11427186 0.0 0.9934495 99.716774 0.0 265.06473
0.0 0.11427186 0.0 0.9934495 101.3061 0.0 271.88193
0.0 0.11427186 0.0 0.9934495 97.73549 0.0 272.71436
0.0 0.11427186 0.0 0.9934495 94.26186 0.0 273.5264
winter2 Default 6
0.0 0.09331778 0.0 0.9956364 119.00608 0.27695078 215.21483
0.0 0.09331778 0.0 0.9956364 113.808586 0.3250171 216.12341
0.0 0.09331778 0.0 0.9956364 113.14314 0.38109478 210.44223
0.0 0.09331778 0.0 0.9956364 118.34064 0.33302847 209.53365
0.0 0.09331778 0.0 0.9956364 112.4859 0.42229387 204.40561
0.0 0.09331778 0.0 0.9956364 117.683395 0.37422755 203.49702
winter_mixed_terrain_3 Default 6
0.0 0.2809809 0.0 0.95971334 129.0 25.246052 356.0
0.0 0.2809809 0.0 0.95971334 123.07172 25.255207 360.22708
0.0 0.2809809 0.0 0.95971334 117.382 25.41314 351.38586
0.0 0.2809809 0.0 0.95971334 123.31029 25.403984 347.15878
0.0 0.2809809 0.0 0.95971334 110.94526 25.60998 341.45154
0.0 0.2809809 0.0 0.95971334 116.87354 25.600824 337.22446
winter_tiny Default 6
0.0 0.9999728 0.0 -0.007372118 154.91447 0.02059968 209.0
0.0 0.9999728 0.0 -0.007372118 151.34525 0.02059968 209.0
0.0 0.9999728 0.0 -0.007372118 151.34525 0.02059968 214.80475
0.0 0.9999728 0.0 -0.007372118 154.91447 0.02059968 214.80475
0.0 0.9999728 0.0 -0.007372118 151.34525 0.02059968 220.17822
0.0 0.9999728 0.0 -0.007372118 154.91447 0.02059968 220.17822
winter_trail_01 Default 6
0.0 0.9991527 0.0 0.04115665 363.12057 16.541542 275.6951
0.0 0.9991527 0.0 0.04115665 360.30173 16.381323 275.46246
0.0 0.9991527 0.0 0.04115665 363.58582 16.195925 270.0574
0.0 0.9991527 0.0 0.04115665 360.76697 15.92584 269.8248
0.0 0.9991527 0.0 0.04115665 364.1396 16.037994 264.3271
0.0 0.9991527 0.0 0.04115665 361.2322 15.969329 264.1871
winter_trail_01 Reverse 6
0.0 -0.9929764 0.0 -0.11831286 124.23155 14.016937 237.19867
0.0 -0.9929764 0.0 -0.11831286 121.21826 14.058136 236.10806
0.0 -0.9805326 0.0 -0.1963568 126.759026 14.168002 230.01555
0.0 -0.9805326 0.0 -0.1963568 123.955025 14.209201 228.46413
0.0 -0.9805326 0.0 -0.1963568 130.45847 14.168002 222.0892
0.0 -0.9805326 0.0 -0.1963568 127.65446 14.209201 220.53778
winter_trail_05 Default 6
0.0 -0.99596983 0.0 -0.0896889 175.0 7.76379 365.0
0.0 -0.99596983 0.0 -0.0896889 170.22032 7.821012 363.9757
0.0 -0.99596983 0.0 -0.0896889 173.08078 7.8702226 375.3427
0.0 -0.99596983 0.0 -0.0896889 168.12056 7.942321 374.0515
0.0 -0.99596983 0.0 -0.0896889 170.6273 7.948042 384.68933
0.0 -0.99596983 0.0 -0.0896889 165.84763 8.005264 383.66504
