autumn_01 Default 6
0 0.92392 0 0.382586 242.285 7.45937 292.34
0 0.92589 0 0.377792 230.32 7.37469 280.679
0 0.92392 0 0.382586 248.576 7.34493 286.582
0 0.92589 0 0.377792 236.636 7.26253 274.83
0 0.92392 0 0.382586 236.512 7.47311 298.458
0 0.92589 0 0.377792 224.716 7.34264 286.747
autumn_01 Reverse 6
0 -0.999995 0 -0.00315398 34.8342 7.91714 257.983
0 -0.999995 0 -0.00315398 51.55 7.87137 257.967
0 -0.999995 0 -0.00315398 53.55 7.87137 265.994
0 -0.999995 0 -0.00315398 34.8342 7.91714 265.997
0 -0.999995 0 -0.00315398 54.05 7.87137 273.837
0 -0.999995 0 -0.00315398 35.3342 7.91714 273.839
autumn_02 Default 6
0 0 0 1 189 7.42504 259
0 0 0 1 189 7.35866 240.906
0 0 0 1 172.5 7.35866 259
0 0 0 1 173 7.21447 240.906
0 0 0 1 189 7.39757 249.593
0 0 0 1 172.5 7.2694 249.593
autumn_02 Reverse 6
0 -0.99989 0 -0.0148366 368.846 7.45327 212.879
0 -0.99989 0 -0.0148366 384.302 7.38689 231.439
0 -0.99989 0 -0.0148366 385.838 7.38689 213.383
0 -0.99989 0 -0.0148366 385.301 7.2427 231.469
0 -0.99989 0 -0.0148366 384.559 7.4258 222.756
0 -0.99989 0 -0.0148366 385.559 7.29763 222.786
autumn_03 Default 6
0 -0.997021 0 -0.0771288 371.071 9.35912 346.077
0 -0.997021 0 -0.0771288 387.971 9.32479 348.638
0 -0.997021 0 -0.0771288 386.991 9.21836 356.938
0 -0.997021 0 -0.0771288 369.103 9.25269 354.223
0 -0.997021 0 -0.0771288 384.156 8.96887 365.747
0 -0.997021 0 -0.0771288 366.269 9.0032 363.032
autumn_03 Reverse 6
0 0.733686 0 -0.679488 274.502 9.36599 390.481
0 0.733686 0 -0.679488 276.113 9.15312 372.929
0 0.733686 0 -0.679488 285.443 9.15312 373.287
0 0.733686 0 -0.679488 283.832 9.36599 390.839
0 0.78374 0 -0.621089 295.9 9.15312 376.377
0 0.78374 0 -0.621089 291.733 9.36599 392.987
autumn_04 Default 6
0 -0.347285 0 -0.93776 319.45 7.36095 106.526
0 -0.347285 0 -0.93776 305.137 7.3518 118.341
0 -0.347285 0 -0.93776 299.122 7.22362 111.817
0 -0.347285 0 -0.93776 313.436 7.23278 100.002
0 -0.347285 0 -0.93776 292.284 7.15038 105.682
0 -0.347285 0 -0.93776 306.977 7.15953 93.5411
autumn_04 Reverse 6
0 0.0259639 0 -0.999663 145.491 6.9192 264.337
0 0.0259639 0 -0.999663 126.93 7.51202 262.996
0 0.0259639 0 -0.999663 145.612 7.21332 254.782
0 0.0259639 0 -0.999663 128.05 7.80613 253.493
0 0.0259639 0 -0.999663 147.192 7.57954 244.532
0 0.0259639 0 -0.999663 129.13 8.17235 243.217
autumn_05 Default 6
0 0.992309 0 0.123786 444.699 8.50538 128.403
0 0.992309 0 0.123786 462.302 8.49851 132.75
0 0.992309 0 0.123786 459.557 8.18608 142.731
0 0.992309 0 0.123786 442.924 8.19295 138.63
0 0.992309 0 0.123786 457.284 7.99611 151.227
0 0.992309 0 0.123786 440.651 8.00297 147.126
autumn_short_01 Reverse 6
0 -0.739738 0 0.672895 253.686 7.0222 357.022
0 -0.739738 0 0.672895 251.711 7.33806 374.519
0 -0.739738 0 0.672895 260.284 6.96498 375.132
0 -0.739738 0 0.672895 262.306 6.64912 357.138
0 -0.739738 0 0.672895 269.849 6.96956 375.772
0 -0.739738 0 0.672895 271.919 6.65369 357.279
autumn_short_01 Default 6
0 -0.760366 0 0.649494 276.875 6.98901 193.389
0 -0.760366 0 0.649494 279.625 6.89059 176.576
0 -0.760366 0 0.649494 269.839 7.00389 192.398
0 -0.760366 0 0.649494 272.666 6.90547 175.091
0 -0.760366 0 0.649494 262.418 7.0943 190.766
0 -0.760366 0 0.649494 265.246 6.99588 173.459
country_rally Default 12
0 0.727029 0 -0.686607 150.977 0.603494 46.7513
0 0.727029 0 -0.686607 140.975 0.621805 46.2605
0 0.727029 0 -0.686607 140.325 0.608071 57.6139
0 0.727029 0 -0.686607 150.652 0.603494 52.427
0 0.727029 0 -0.686607 144.644 0.644694 52.1648
0 0.727029 0 -0.686607 150.327 0.598916 58.1047
0 -0.699421 0 0.71471 121.211 0.601968 45.0763
0 -0.719284 0 0.694716 131.126 0.608836 57.1397
0 -0.719351 0 0.694646 131.182 0.590523 41.6956
0 -0.736783 0 0.676129 131.507 0.6775 36.4054
0 -0.699421 0 0.71471 120.996 0.588235 51.2995
0 -0.699421 0 0.71471 121.278 0.615703 56.8659
derby Default 9
0 -0.40412 0 0.914706 199.917 4.87983 220.5
0 -0.40412 0 0.914706 188.835 4.91417 206.246
0 -0.40412 0 0.914706 182.585 5.17739 204.717
0 -0.40412 0 0.914706 198.047 4.97139 207.765
0 -0.40412 0 0.914706 201.331 4.85008 210.03
0 -0.40412 0 0.914706 204.391 4.93935 213.652
0 -0.40412 0 0.914706 204.041 4.67842 201.335
0 -0.40412 0 0.914706 208.256 4.68757 202.976
0 -0.40412 0 0.914706 211.218 4.96452 207.242
forest_03 Default 6
0 -0.999803 0 -0.0198256 372.581 1.91348 279.214
0 -0.999803 0 -0.0198256 374.08 1.91348 268.901
0 -0.999803 0 -0.0198256 372.581 1.91348 273.761
0 -0.999803 0 -0.0198256 395.057 1.91348 279.927
0 -0.999803 0 -0.0198256 394.058 1.91348 269.515
0 -0.999803 0 -0.0198256 395.057 1.91348 274.474
forest_2 Default 6
0 0.999998 0 0.00216563 247.451 0.112154 244.057
0 0.999998 0 0.00216563 246.501 0.135042 234.036
0 0.999998 0 0.00216563 246.101 0.194552 225.155
0 0.999998 0 0.00216563 229.897 0.128176 224.984
0 0.999998 0 0.00216563 229.971 0.0869762 233.955
0 0.999998 0 0.00216563 229.047 0.0732437 244.01
forest_2 Reverse 6
0 -0.998713 0 -0.0507149 164.032 0.240329 240.657
0 -0.998713 0 -0.0507149 180.512 0.162508 242.163
0 -0.999482 0 -0.0321971 164.363 0.183108 231.497
0 -0.999482 0 -0.0321971 180.388 0.105286 232.359
0 -0.998713 0 -0.0507149 163.942 0.308996 249.621
0 -0.998713 0 -0.0507149 181.416 0.231174 251.228
forest_large_1 Default 6
0 0.881478 0 0.472226 284.632 8.4596 413.7
0 0.881478 0 0.472226 284.343 8.54658 413.358
0 0.881478 0 0.472226 283.748 8.34974 435.507
0 0.881478 0 0.472226 275.542 8.26276 419.681
0 0.90162 0 0.432528 277.034 8.33601 441.395
0 0.90162 0 0.432528 265.182 8.1941 426.573
forest_large_2 Default 6
0 -0.992746 0 0.12023 281.486 9.21492 417.671
0 -0.992746 0 0.12023 298.508 9.26986 413.324
0 -0.992746 0 0.12023 299.818 9.18517 423.192
0 -0.992746 0 0.12023 283.281 9.13024 427.419
0 -0.992746 0 0.12023 302.78 9.08446 433.006
0 -0.992746 0 0.12023 286.729 9.02953 437.115
forest_long Default 6
0 -0.999948 0 0.0102334 58.6361 0 248.164
0 -0.999948 0 0.0102334 76.0295 0 247.898
0 -0.999948 0 0.0102334 76.0295 0 255.49
0 -0.999948 0 0.0102334 58.6361 0 255.756
0 -0.999948 0 0.0102334 76.0295 0 262.801
0 -0.999948 0 0.0102334 58.6361 0 263.067
forest_long Reverse 6
0 -0.963395 0 -0.268084 408.73 0.206378 276.188
0 -0.963395 0 -0.268084 422.92 0.039293 284.449
0 -0.963395 0 -0.268084 418.532 0.122835 291.829
0 -0.963395 0 -0.268084 403.913 0.28992 283.31
0 -0.963395 0 -0.268084 413.31 0.143438 299.629
0 -0.963395 0 -0.268084 399.119 0.310523 291.368
lake_01 Default 6
0 0.0202496 0 -0.999795 124.493 7.16182 215.393
0 0.0202496 0 -0.999795 107.507 7.17327 214.705
0 0.0202496 0 -0.999795 124.493 7.16182 222.518
0 0.0202496 0 -0.999795 107.007 7.17327 221.809
0 0.0202496 0 -0.999795 123.993 7.16182 230.344
0 0.0202496 0 -0.999795 107.007 7.17327 229.656
lake_01 Reverse 6
0 -0.595867 0 -0.803083 399.449 7.36553 180.215
0 -0.595867 0 -0.803083 394.311 7.40444 196.354
0 -0.595867 0 -0.803083 385.309 7.37125 193.709
0 -0.595867 0 -0.803083 390.592 7.33234 177.09
0 -0.595867 0 -0.803083 376.487 7.36896 190.396
0 -0.595867 0 -0.803083 381.625 7.33005 174.256
launch_site Default 6
0 -0.707107 0 -0.707107 213.482 14.9966 347.886
0 -0.707107 0 -0.707107 213.149 14.9966 365.063
0 -0.707107 0 -0.707107 222.118 14.9966 365.03
0 -0.707107 0 -0.707107 222.45 14.9966 348.854
0 -0.707107 0 -0.707107 231.058 14.9966 348.934
0 -0.707107 0 -0.707107 231.133 14.9966 365.31
launch_site Reverse 6
0 -0.00955006 0 -0.999954 318.499 14.9485 560.857
0 -0.00955006 0 -0.999954 301.016 14.9577 561.187
0 -0.00955006 0 -0.999954 317.432 14.9073 552.926
0 -0.00955006 0 -0.999954 300.449 14.9165 553.247
0 -0.00955006 0 -0.999954 317.159 14.905 543.845
0 -0.00955006 0 -0.999954 300.177 14.9142 544.166
mixed_terrain_1 Default 6
-0 0.024919 0 -0.999689 142.136 9.06157 269.579
-0 0.024919 0 -0.999689 123.062 8.94484 268.416
-0 0.024919 0 -0.999689 142.977 9.03983 260.443
-0 0.024919 0 -0.999689 122.904 8.92309 259.23
-0 0.024919 0 -0.999689 143.532 9.00778 252.077
-0 0.024919 0 -0.999689 123.459 8.89105 250.864
mixed_terrain_1 Reverse 6
0 -0.0922636 0 -0.995735 211.161 9.2443 238.764
0 -0.0922636 0 -0.995735 194.223 9.31983 241.965
0 -0.0922636 0 -0.995735 209.905 9.38049 230.766
0 -0.0922636 0 -0.995735 192.476 9.45602 234.06
0 -0.0922636 0 -0.995735 208.704 9.36675 223.79
0 -0.0922636 0 -0.995735 190.783 9.44228 227.176
mixed_terrain_2 Default 6
0 -0.56135 0 0.827579 213.966 7.79812 57.4073
0 -0.56135 0 0.827579 220.186 7.78897 73.8639
0 -0.56135 0 0.827579 229.317 7.99496 71.1339
0 -0.56135 0 0.827579 222.912 8.00412 54.2128
0 -0.56135 0 0.827579 237.853 8.17349 67.8947
0 -0.56135 0 0.827579 231.448 8.18265 50.9736
mixed_terrain_3 Default 6
0 0.280981 0 0.959713 133.21 25.2461 353.303
0 0.280981 0 0.959713 118.861 25.2552 362.924
0 0.280981 0 0.959713 111.908 25.4131 354.891
0 0.280981 0 0.959713 127.521 25.404 344.462
0 0.280981 0 0.959713 105.893 25.61 344.687
0 0.280981 0 0.959713 121.505 25.6008 334.258
race_track_01 Default 6
0 0.999992 0 0.00391347 308 0 234.9
0 0.999992 0 0.00391347 305 0 234.877
0 0.999992 0 0.00391347 302 0 234.854
0 0.999992 0 0.00391347 318 0 223.803
0 0.999992 0 0.00391347 304.5 0 223.697
0 0.999992 0 0.00391347 302 0 223.678
race_track_01 Reverse 6
0 -0.00527868 0 0.999986 302.016 0 223.656
0 -0.00527868 0 0.999986 315.015 0 223.793
0 -0.00527868 0 0.999986 318.015 0 223.825
0 -0.00527868 0 0.999986 311.985 0 234.937
0 -0.00527868 0 0.999986 314.984 0 234.969
0 -0.00527868 0 0.999986 317.984 0 235.001
race_track_02 Default 6
0 1 0 3.13916e-07 581.422 7.49828 373.345
0 1 0 3.13916e-07 583.422 7.49828 373.345
0 1 0 3.13916e-07 581.422 7.49828 381.345
0 1 0 3.13916e-07 583.422 7.49828 381.345
0 1 0 3.13916e-07 564.922 7.49828 390.345
0 1 0 3.13916e-07 584.422 7.49828 390.345
race_track_02 Reverse 6
0 0.000677021 0 -1 584.175 7.49828 398.593
0 0.000677021 0 -1 583.652 7.49828 415.593
0 0.000677021 0 -1 583.663 7.49828 406.24
0 0.000677021 0 -1 565.175 7.49828 398.568
0 0.000677021 0 -1 567.152 7.49828 415.57
0 0.000677021 0 -1 565.663 7.49828 406.216
race_track_03 Default 6
0 -2.98023e-07 0 1 135.159 7.49828 260
0 -2.98023e-07 0 1 134.5 7.49828 282
0 -2.98023e-07 0 1 135.114 7.49828 270.195
0 -2.98023e-07 0 1 116.952 7.49828 260.125
0 -2.98023e-07 0 1 118.091 7.49828 282.148
0 -2.98023e-07 0 1 118.032 7.49828 270.413
race_track_03 Reverse 6
0 0.999948 0 -0.010196 118.023 7.49828 327.154
0 0.999948 0 -0.010196 118.233 7.49828 305.146
0 0.999948 0 -0.010196 118.36 7.49828 315.45
0 0.999948 0 -0.010196 135.224 7.49828 326.679
0 0.999948 0 -0.010196 134.636 7.49828 304.663
0 0.999948 0 -0.010196 134.934 7.49828 314.894
race_track_04 Default 6
-0 0.707107 -0 -0.707107 300.865 7.49828 200.67
-0 0.707107 -0 -0.707107 284.789 7.49828 200.575
-0 0.707107 -0 -0.707107 284.808 7.49828 217.329
-0 0.707107 -0 -0.707107 293.168 7.49828 203.627
-0 0.707107 -0 -0.707107 293.075 7.49828 200.63
-0 0.707107 -0 -0.707107 301.01 7.49828 219.598
race_track_04 Reverse 6
0 0.707107 0 0.707107 331 7.49828 200
0 0.707107 0 0.707107 331 7.49828 218.5
0 0.707107 0 0.707107 339 7.49828 200
0 0.707107 0 0.707107 339 7.49828 218.5
0 0.707107 0 0.707107 348 7.49828 200
0 0.707107 0 0.707107 348 7.49828 218.5
race_track_05 Default 6
0 0.00771186 0 0.99997 163.636 7.49828 295.923
0 0.00771186 0 0.99997 146.313 7.49828 296.082
0 0.00771186 0 0.99997 163.636 7.49828 283.09
0 0.00771186 0 0.99997 146.313 7.49828 283.249
0 0.00771186 0 0.99997 163.636 7.49828 271.885
0 0.00771186 0 0.99997 146.313 7.49828 272.044
race_track_05 Reverse 6
0 0.99998 0 -0.00631897 146.249 7.49828 261.459
0 0.99998 0 -0.00631897 146.182 7.49828 285.497
0 0.99998 0 -0.00631897 164.073 7.49828 261.343
0 0.99998 0 -0.00631897 146.213 7.49828 274.292
0 0.99998 0 -0.00631897 163.506 7.49828 285.387
0 0.99998 0 -0.00631897 163.537 7.49828 274.182
race_track_06 Default 6
0 0.00623372 0 -0.999981 183.753 7.49829 430.964
0 0.00623372 0 -0.999981 167.235 7.49828 430.689
0 0.00623372 0 -0.999981 183.753 7.49829 417.628
0 0.00623372 0 -0.999981 167.235 7.49828 417.353
0 0.00623372 0 -0.999981 184.253 7.49829 403.793
0 0.00623372 0 -0.999981 167.235 7.49828 403.512
race_track_06 Reverse 6
0 -0.999999 0 0.00112227 184.5 7.49828 407.988
0 -0.999999 0 0.00112227 167.648 7.49828 407.931
0 -0.999999 0 0.00112227 174 7.49828 422.308
0 -0.999999 0 0.00112227 167.648 7.49828 422.228
0 -0.999999 0 0.00112227 174 7.49828 434.542
0 -0.999999 0 0.00112227 167.648 7.49828 434.462
serpantin Default 6
0 -0.051683 0 0.998664 804.96 10.9018 246.398
0 -0.051683 0 0.998664 805.383 10.9018 238.051
0 -0.051683 0 0.998664 821.247 10.8858 248.133
0 -0.051683 0 0.998664 822.168 10.8858 239.838
0 -0.051683 0 0.998664 822.005 10.8858 231.646
0 -0.051683 0 0.998664 822.13 10.9018 231.614
serpantin Reverse 6
0 -0.0476497 0 -0.998864 240.977 10.8286 316.524
0 -0.0476497 0 -0.998864 222.138 10.8492 318.584
0 -0.0476497 0 -0.998864 220.895 10.9625 308.158
0 -0.0476497 0 -0.998864 239.734 10.9419 306.097
0 -0.0476497 0 -0.998864 219.754 11.0128 297.196
0 -0.0476497 0 -0.998864 238.594 10.9922 295.136
serpantin_2 Default 6
0 -0.707106 0 0.707107 142 10.2976 230
0 -0.707106 0 0.707107 142 10.2792 247
0 -0.707106 0 0.707107 154 11.0826 249.5
0 -0.707106 0 0.707107 154 11.0117 227
0 -0.707106 0 0.707107 164.139 11.7761 250.946
0 -0.707106 0 0.707107 164.525 11.6617 228.276
trail_01 Default 6
0 0.999153 0 0.0411567 369.599 16.5415 276.23
0 0.999153 0 0.0411567 352.827 16.3813 274.846
0 0.999153 0 0.0411567 369.565 16.1959 270.551
0 0.999153 0 0.0411567 353.292 15.9258 269.208
0 0.999153 0 0.0411567 370.618 16.038 264.862
0 0.999153 0 0.0411567 353.758 15.9693 263.57
trail_01 Reverse 6
0 -0.992976 0 -0.118313 131.036 14.0169 238.843
0 -0.992976 0 -0.118313 114.9 14.0581 234.581
0 -0.980533 0 -0.196357 133.219 14.168 232.711
0 -0.980533 0 -0.196357 118.418 14.2092 226.154
0 -0.980533 0 -0.196357 135.073 14.168 224.015
0 -0.980533 0 -0.196357 122.117 14.2092 218.227
trail_02 Default 6
0 -0.944172 0 0.329454 329.502 13.4871 457.003
0 -0.944172 0 0.329454 319.091 13.3211 444.545
0 -0.944172 0 0.329454 324.406 13.4047 450.76
0 -0.944172 0 0.329454 342.579 13.5718 446.481
0 -0.944172 0 0.329454 332.169 13.4058 434.022
0 -0.944172 0 0.329454 337.091 13.4894 440.548
trail_02 Reverse 6
0 0.620757 0 0.784003 539.469 13.9345 559.805
0 0.620757 0 0.784003 535.487 13.8888 575.828
0 0.620757 0 0.784003 528.032 13.5729 573.803
0 0.620757 0 0.784003 532.014 13.6187 557.78
0 0.620757 0 0.784003 519.895 13.2868 572.921
0 0.620757 0 0.784003 523.991 13.3326 556.412
trail_03 Default 6
0 -0.707107 0 0.707107 341 15.7839 383.5
0 -0.707107 0 0.707107 341 15.8915 367
0 -0.707107 0 0.707107 352 15.9327 384.5
0 -0.707107 0 0.707107 352 16.1433 367
0 -0.707107 0 0.707107 361.937 16.0803 384.858
0 -0.707107 0 0.707107 361.825 16.1513 366.807
trail_03 Reverse 6
0 -0.877706 0 0.479199 576.926 16.1761 769.374
0 -0.877706 0 0.479199 559.507 15.8797 757.751
0 -0.877706 0 0.479199 586.592 16.247 754.129
0 -0.877706 0 0.479199 568.429 15.9873 743.872
0 -0.877706 0 0.479199 568.49 16.0285 764.12
0 -0.877706 0 0.479199 578.223 16.239 748.979
trail_04 Default 6
0 -0.626571 0 0.779364 179.505 14.1588 250.371
0 -0.626571 0 0.779364 176.292 14.2687 233.678
0 -0.626571 0 0.779364 187.43 13.9437 247.923
0 -0.626571 0 0.779364 184.216 14.0536 231.231
0 -0.626571 0 0.779364 196.415 14.0078 245.356
0 -0.626571 0 0.779364 193.094 14.1176 228.175
trail_05 Default 6
0 -0.99597 0 -0.0896889 181.395 7.76379 366.161
0 -0.99597 0 -0.0896889 164.317 7.82101 362.904
0 -0.99597 0 -0.0896889 179.476 7.87022 376.504
0 -0.99597 0 -0.0896889 161.725 7.94232 372.89
0 -0.99597 0 -0.0896889 178.499 7.94804 386.119
0 -0.99597 0 -0.0896889 160.928 8.00526 382.772
village_ca_loop_large Default 6
0 0.677036 0 0.73595 204.867 7.39757 590.615
0 0.677036 0 0.73595 203.441 7.26253 608.077
0 0.677036 0 0.73595 194.802 7.26253 608.077
0 0.677036 0 0.73595 196.228 7.39757 590.615
0 0.677036 0 0.73595 186.893 7.26253 607.579
0 0.677036 0 0.73595 188.319 7.39757 590.117
winter_mixed_terrain_3 Default 6
0 0.280981 0 0.959713 133.21 25.2461 353.303
0 0.280981 0 0.959713 118.861 25.2552 362.924
0 0.280981 0 0.959713 111.908 25.4131 354.891
0 0.280981 0 0.959713 127.521 25.404 344.462
0 0.280981 0 0.959713 105.893 25.61 344.687
0 0.280981 0 0.959713 121.505 25.6008 334.258
winter_trail_01 Default 6
0 0.999153 0 0.0411567 369.599 16.5415 276.23
0 0.999153 0 0.0411567 352.827 16.3813 274.846
0 0.999153 0 0.0411567 369.565 16.1959 270.551
0 0.999153 0 0.0411567 353.292 15.9258 269.208
0 0.999153 0 0.0411567 370.618 16.038 264.862
0 0.999153 0 0.0411567 353.758 15.9693 263.57
winter_trail_01 Reverse 6
0 -0.992976 0 -0.118313 131.036 14.0169 238.843
0 -0.992976 0 -0.118313 114.9 14.0581 234.581
0 -0.980533 0 -0.196357 133.219 14.168 232.711
0 -0.980533 0 -0.196357 118.418 14.2092 226.154
0 -0.980533 0 -0.196357 135.073 14.168 224.015
0 -0.980533 0 -0.196357 122.117 14.2092 218.227
winter_trail_05 Default 6
0 -0.99597 0 -0.0896889 181.395 7.76379 366.161
0 -0.99597 0 -0.0896889 164.317 7.82101 362.904
0 -0.99597 0 -0.0896889 179.476 7.87022 376.504
0 -0.99597 0 -0.0896889 161.725 7.94232 372.89
0 -0.99597 0 -0.0896889 178.499 7.94804 386.119
0 -0.99597 0 -0.0896889 160.928 8.00526 382.772
